1    2.974053  
2    3.778169  
3    7.008855  
4    12.401924  
5    14.422324  
6    16.070107  
7    17.409487  
8    18.596886  
9    19.644526  
10    20.143749  
11    20.655615  
12    20.607510  
13    19.987592  
14    18.881960  
15    16.549378  
16    13.379350  
17    9.929360  
18    6.705118  
19    4.751375  
20    3.293344  
21    2.411238  
22    2.070839  
23    2.018401  
24    2.034177  
25    2.085281  
26    2.187934  
27    2.327694  
28    2.614767  
29    3.001827  
30    3.250017  
